data.groupby('구',as_index = False).sum()


구	노선수	정류장수	수단발생량	수단도착량	목적발생량	목적도착량	환승발생량	환승도착량	대중교통이용인원	정류장별 노선수
0	강서구	1975	1062	24672809	14107128	23322582	12586212	1367890	3174318	12786485	35
1	금정구	1221	499	58194282	31427093	47103674	21306275	11095593	4149295	24811547	32
2	기장군	2174	751	21628926	9607400	19148075	7185703	2676688	2441947	11157306	13
3	남구	1167	523	71063779	36032140	57480528	23127424	13583274	5126944	32838833	12
4	동구	914	243	61508554	40888401	48257367	27872387	13251206	5351538	23526524	17
5	동래구	1405	564	86331251	48652484	68832700	31539612	17675841	6507726	36623778	25
6	부산진구	1985	659	162270621	90697853	125805942	54306307	36808831	12599117	57900770	35
7	북구	1182	451	120411337	80264768	101501896	61925243	19037931	9143314	48725236	13
8	사상구	1457	493	87689099	52132421	72182465	36973730	15507215	8202591	35557250	26
9	사하구	1790	639	136776874	95507734	112636021	70453071	24165934	11198639	60481316	23
10	서구	891	312	58094530	35347722	48942235	25876820	9152311	4757537	23713852	64
11	수영구	631	252	49611199	30586060	39725220	20291577	9885990	3985977	20242345	13
12	연제구	877	321	65702690	39484049	55273460	29244083	12324963	4641966	29491940	6
13	영도구	1025	401	29868741	10261507	25408715	5421633	4460040	2559694	15683247	56
14	중구	546	118	62612068	46865741	50655563	35355222	11956523	5990696	15526540	161
15	해운대구	1900	581	79571122	40455125	67349996	28304448	13562513	6864612	38795421	30
